1.040123261444491840e-02
1.474979867832713898e-02
1.716418519102999238e-02
2.124623404079412428e-02
2.155504364097237183e-02
2.256366918721798565e-02
2.308967748207166326e-02
2.459300982412953099e-02
2.654486349701163164e-02
2.772347904572248015e-02
2.925949837816406440e-02
2.936291585798581766e-02
2.970855140601443012e-02
2.982073633682430502e-02
3.032126766920358735e-02
3.175669417305531511e-02
3.184186442484798762e-02
3.195236025215254794e-02
3.205501619811902680e-02
3.217817324129718104e-02
3.257191175740818678e-02
3.427903791458597471e-02
3.548418623895406576e-02
3.615520770622277641e-02
3.798843176704102403e-02
3.809792410140833141e-02
3.844654432709752184e-02
3.888062964165743540e-02
3.897211286221127086e-02
3.987785172251988308e-02
4.049284260085095344e-02
4.098583518671333747e-02
4.109616030008423487e-02
4.180746988561808569e-02
4.292985886474499913e-02
4.325172690345084614e-02
4.359248065303287373e-02
4.377865763909769697e-02
4.390115801059678302e-02
4.416521181475188684e-02
4.420595373018266355e-02
4.463802361986170947e-02
4.475058743223919028e-02
4.513718853966715294e-02
4.571963430507099829e-02
4.587828232647529758e-02
4.659870204989993020e-02
4.668053380516885148e-02
4.696583913783259484e-02
4.748813479072227367e-02
4.749856495103332160e-02
4.754908237637395230e-02
4.806287322995066169e-02
4.918862574742714072e-02
4.938743271972767523e-02
4.962821559549712019e-02
5.045459282364527648e-02
5.067433495124391146e-02
5.116955752674762214e-02
5.149252885595527462e-02
5.153418750085594913e-02
5.204476627794657473e-02
5.259834868154969478e-02
5.308184399261699216e-02
5.317029252482060458e-02
5.323926386068235372e-02
5.349944115438964864e-02
5.449502285213907171e-02
5.570746438099963282e-02
5.769829168450061468e-02
5.872959240475800202e-02
5.924498996023259273e-02
6.029663169213064777e-02
6.091188487301180121e-02
6.097666319388982820e-02
6.137590862156020594e-02
6.166954573004285872e-02
6.202828506206266301e-02
6.238854977756998210e-02
6.265728325786167063e-02
6.279869575660543268e-02
6.379913501162931544e-02
6.445978932266153982e-02
6.901993870271382059e-02
6.952275644903246898e-02
6.965444282906362028e-02
7.284714895164513815e-02
7.360213137068272182e-02
7.397324876744400257e-02
7.429825518417311481e-02
7.459448181723227211e-02
7.470941059819299901e-02
7.613787517113346226e-02
7.655621428494134573e-02
7.742511621533582078e-02
8.103544895779010715e-02
8.155909415539502882e-02
8.202885443609377047e-02
8.294101475128980161e-02
8.312979435214511159e-02
8.429123622389995962e-02
8.505513847348676604e-02
8.545100778585575096e-02
8.554615426734003825e-02
8.815263687872003373e-02
8.932441680313660259e-02
8.949096671532259795e-02
8.971941108577506652e-02
8.982738238027379585e-02
9.989110273077847491e-02
1.000137189428109835e-01
1.058412839121355975e-01
1.075318138955082270e-01
1.076132307433849966e-01
1.100186859216350233e-01
1.142500456258061653e-01
1.152217381455866579e-01
1.165993875084935794e-01
1.184741827934594482e-01
1.201209465509845836e-01
1.236640131550792582e-01
1.306330567671460663e-01
1.648560708706152955e-01
2.016945852237921888e-01
