3.743115883620713902e+01 2.084899461451579228e+00 -1.268732403433023848e-01
2.619099094393299154e+01 -2.144897916374262081e+00 -2.869078748475818036e-02
2.470656769752387305e+01 -1.665412091516174087e+00 4.844613946828445483e-01
2.748684007472817825e+01 2.691592353392414649e-01 -2.320732826170022189e-01
5.859272575559548102e+01 -1.471355181231356557e+00 1.176011797630488187e-01
3.949937479912941996e+01 1.927293084693753933e+00 6.122439998944755393e-04
3.137130449362721762e+01 -3.147369788182112771e-01 -2.286540772501012911e-02
3.424861600862243449e+01 4.717574606115392810e-01 1.759235801140473510e-01
2.081901190010769298e+01 -1.407491422263696723e+00 1.673935778207796543e-01
4.332247293174986424e+01 1.409902349776753328e+00 2.837493633248714398e-01
1.802055945254274150e+01 1.694201881297134005e+00 4.711581133437761082e-01
2.018012657480230843e+01 2.283791593344835391e+00 -3.369456897942804674e-02
1.983865497378812748e+01 -2.561207995883155952e+00 -7.714479672118557119e-02
2.053355827860417904e+01 -8.724703070478757594e-01 -1.630830318347372687e-01
2.931036084360345839e+01 -1.459319350048327024e+00 1.105309026006492598e-03
2.393106592216476969e+01 2.814160142505679474e+00 9.644299679289999871e-02
1.642860787551399326e+01 -1.168528894571151611e+00 4.170569934680254387e-02
2.308842911146490096e+01 1.277613378520750409e+00 2.657480916767074319e-01
1.580569539525153289e+01 1.116343667378909110e+00 -6.618331606122231092e-02
5.499400892194028501e+01 -1.671035002559179694e-01 -1.735785061545838670e-01
3.621991754342309378e+01 -6.008733520171802844e-01 3.036241463089331405e-02
1.543365650320475169e+01 2.633352660131573764e+00 4.948222667550890991e-02
8.079557793134776489e+01 -3.133756504116062658e+00 -2.577866592153986725e-01
2.162500435082363026e+01 2.975388676819216704e-01 -3.932917332496022045e-02
4.603012663783535885e+01 -2.421568632747605754e-01 -1.412706375777227075e-01
2.329409249016431716e+01 2.199389379160963998e+00 1.152201054680767611e-01
2.471562763249970018e+01 1.343936534258212578e+00 -1.425254690848875572e-01
2.213008306166454986e+01 1.016594331402437490e+00 -1.797289581629448185e-01
4.394054330096398786e+01 -5.191513122469104680e-01 -1.227098266361976581e-01
3.086738093311221931e+01 -7.999122927340787115e-01 -1.689866141529807742e-01
3.376743573987181435e+01 -8.588484355489489630e-01 3.350257157315873480e-01
2.609015734144634990e+01 -6.974431324722376591e-01 1.478278814209649239e-01
3.350816215837891576e+01 -6.672077736437858064e-01 -1.294960107169847718e-01
2.845792051962790481e+01 1.393223305959928382e+00 -9.636682022627876543e-02
4.900795189712472677e+01 -5.985024800216187657e-01 5.602141521868735374e-01
1.699887002906610078e+01 4.289728749559063914e+00 -1.785694667079434639e-01
5.249595233899771074e+01 -1.985788803929488422e+00 1.296212992713547951e-01
1.715525234123569831e+01 -6.823012411907487529e-01 1.078770126988333883e-01
1.977143766504099176e+01 -1.376450355794184510e+00 -3.663445405205349725e-02
3.221461464893649662e+01 -1.294549135256606753e+00 -1.606336049422604773e-02
2.794351595212954464e+01 -1.338638652816946495e+00 2.659728922943812024e-01
8.060282738437093997e+01 -1.499651771443778703e+00 1.002231472742954720e-03
3.488502050260051845e+01 -2.543411916229993963e-01 -1.420876864569912690e-01
2.319558650874306593e+01 1.119473693692311089e+00 1.098310784415607588e-01
2.023075048881933213e+01 1.208883675614245368e+00 5.159687696845618454e-01
1.085596200001662126e+01 -4.674987953317885747e+00 9.929691951515573489e-02
4.808871441367965360e+01 -2.082496928109604184e+00 8.472389713454142601e-02
2.520982133976467665e+01 1.445493922375211238e+00 3.412562483721020873e-04
4.789732621056687378e+01 -1.749048935972738139e+00 1.167367680583342171e-01
4.480033601121683517e+01 -1.454127656900910393e-01 3.695625492349342844e-02
2.273346605749146221e+01 1.136291674532242002e+00 -1.091051743173313965e-01
8.248407974784352348e+01 -1.561300161682518173e+00 -4.118445618338204550e-01
4.720747490946911284e+01 2.069203476732729641e+00 -1.601679012898116761e-01
2.286947417702150176e+01 -2.696781352933811604e+00 6.093849946893524494e-02
2.754865501900993152e+01 3.088063714714516239e-01 -2.836396182449810732e-01
5.195581072983072346e+01 2.859330058719624645e+00 1.631876045340315828e-01
1.950309717592018544e+01 5.179712767036924737e-01 -5.235309923356913642e-02
9.507413740772761912e+01 -3.322263248005828729e+00 2.541782813976219413e-01
4.251940499777366256e+01 9.355623084674329348e-01 -7.679487550297552090e-02
5.596847283118356131e+01 -1.777325102719953254e+00 1.208219291073063112e-01
1.730078102371553328e+01 -8.500110291841647681e-02 -1.976966733138139920e-02
3.642372212782291996e+01 2.213542575223530928e+00 -7.926572585999389076e-02
3.290796167238402603e+01 1.813370578360897545e+00 -1.581228921262194664e-01
2.323021173405793149e+01 1.298449488496027371e+00 2.249845340086801398e-02
3.047572470627531871e+01 1.052145379156898874e+00 -8.267491037096985629e-02
1.776797222450644043e+01 6.536543196928863431e-01 -3.708865249594778105e-04
2.726299972305064401e+01 -2.932616700252875575e+00 -7.139520701874382813e-02
2.794382838446086481e+01 -1.003658285724887689e-01 -7.352722479488521534e-02
2.636396210508975457e+01 1.511857808086918720e+00 -6.705993705747853584e-02
3.872855574813468138e+01 2.281447242507695705e+00 9.356646686970967238e-04
7.441466531852277910e+01 -5.087117003007250560e+00 9.060526811866058926e-04
1.315349212694934700e+01 3.340071075887526053e+00 -1.850015229815205053e-01
3.147145008077528061e+01 -6.714372181314811616e-01 -8.789448285771556124e-02
6.252291538269958693e+01 -2.934296991057230852e-01 -2.075104379729538207e-01
3.110227768139209203e+01 9.304599646731822604e-01 8.587432833073344041e-02
4.748783292845988768e+01 -1.576190777785759778e+00 2.761001962543346844e-01
3.090438429119924280e+01 9.483234970607886671e-01 -1.075145269946127247e-01
1.668178981805736072e+01 1.229929923869111486e+00 -4.091304417523575210e-02
2.103992760313921906e+01 -7.619648703965562486e-01 2.558578694782505103e-01
3.333403634079862599e+01 -5.059090219424955404e-01 -1.782414994404061259e-01
3.224439632696829960e+01 1.860123037526086875e-01 9.753597018807335164e-04
2.858167412826348297e+01 6.125753921662657753e-01 8.029670812296257898e-02
1.711958570663844625e+01 2.148720259367139784e-01 -1.166666390356602273e-01
1.709893599711010026e+01 -8.946465969706154375e-01 5.887886432852920682e-02
3.633136074388274750e+01 1.292227758300263485e+00 -5.390649455819285923e-02
7.730961710457494007e+01 -2.834563431725984017e+00 3.638047220927944081e-01
4.691164377700388854e+01 1.861948629372425001e+00 6.680489238306699202e-04
9.985381941219584334e+00 3.369273918634770215e+00 9.680712918447281767e-02
1.293731477623865089e+02 -2.379729325615251856e+00 1.039689238979956808e-03
5.486684372380882024e+01 1.266566180982663603e+00 2.082608435023496074e-01
2.825618106579958422e+01 -2.019994179019326985e+00 1.056736532977650038e-03
7.564957421727334008e+01 -1.284215117799614614e+00 -3.341715901179688752e-01
2.761014172295423919e+01 2.660401365543660468e+00 7.964099255201499781e-04
2.969808531565533372e+01 -2.071473935174401593e+00 -4.283466275229711601e-02
1.590343948569095822e+01 -6.745023281969060314e-01 9.484326780998478257e-02
3.992224892876766518e+01 -6.295087090462395674e-01 3.015893064377329069e-01
1.951069801866333364e+01 2.475405698235073615e+00 1.031024677018178154e-02
2.628093753451307890e+01 -1.553825548684779179e+00 -1.859838008578307278e-01
3.807820774998745605e+01 1.514826771028050301e+00 -2.093702572052564062e-02
1.062879541899968530e+02 -8.464406608159975587e-01 -1.534279074159214384e-01
2.864343106486308344e+01 -3.979224434648680919e+00 1.055063320561855887e-03
4.517154597626691270e+01 1.045110272895278136e+00 1.460291201620818602e-01
1.898840719458813453e+01 1.794850306687694186e+00 -8.079991405621853029e-02
1.885097546885916131e+01 2.084274158398685906e+00 -1.157698148907090607e-01
1.612415646069881703e+01 3.957404841917019134e+00 -2.198003163679127514e-01
2.834149439608398424e+01 1.534017251849560282e+00 6.276630481108486093e-02
2.615806356992672832e+01 2.636938476034603074e+00 -1.608836242521694548e-01
7.487921096678685728e+01 -5.165023074154106997e-01 -1.930550340424372624e-01
4.504295588473517853e+01 -6.359813258646753731e+00 1.879310304082868269e-02
3.104456525689792556e+01 -2.144459955624834491e-01 1.214041340743710617e-01
3.017458667975336795e+01 3.818147889743671808e+00 -4.669867482864876324e-02
2.123071738511393391e+01 2.944511481392767305e+00 -1.816625288751119449e-01
1.595426593580892316e+01 -7.341479019656618199e-01 3.688206315566783244e-01
7.202866972479168339e+01 -2.190248248042490076e+00 1.064728729521500529e-03
2.754175021375450427e+01 2.201029105058148749e-01 2.789255936941807956e-01
4.381286293113947039e+01 -1.354945578992377220e+00 1.370903654224518431e-01
3.940942355697543320e+01 -6.809964704026676419e-01 6.110198963653394877e-01
8.580033970946224997e+01 -3.175213616077761980e+00 -6.316059095543986590e-01
6.025147152526848515e+01 -1.985002197771985166e+00 -1.302892601071591328e-01
1.165394978338222387e+01 3.158708744663793588e+00 3.723177635532887164e-02
2.790645873211720485e+01 -1.915301580849076701e-01 1.081320414887537995e-01
5.146508448054429863e+01 -2.465380003377400930e-01 1.414732191803628678e-03
3.296181454348290885e+01 -1.168636242983565054e+00 1.175157396335462087e-03
5.249890321528431514e+01 1.011774863353018361e+00 5.777779928693421718e-02
