3.701954266252126047e+01 2.103951977139572271e+00 -1.160164667299901781e-01
2.588192887872664016e+01 -2.076604211432953484e+00 1.134431176381566451e-03
2.451602775751882390e+01 -1.631789887990530818e+00 4.920902741334219899e-01
2.722338514594646597e+01 3.098219106029085346e-01 -2.236287814729210344e-01
5.813246001368109717e+01 -1.447072117448407802e+00 1.364611600890934529e-01
3.912742856616513620e+01 1.924868800787223444e+00 7.986751846534836854e-04
3.108216209084013926e+01 -2.919699207471316282e-01 -1.297986015603920518e-02
3.389992985990598839e+01 5.047225164741540038e-01 1.866157868608737946e-01
2.065747435876044946e+01 -1.374596932800074889e+00 1.737538561613921895e-01
4.285755280353114927e+01 1.448188658393809281e+00 2.968541288991165539e-01
1.783404239722076667e+01 1.732412002607325086e+00 4.758765220488976322e-01
1.995702441843661745e+01 2.303351024034290706e+00 -2.768553058503681399e-02
1.971180782822866817e+01 -2.541702588909618754e+00 -7.050648881700799508e-02
2.036050671227150488e+01 -8.544408527114073504e-01 -1.565597407788651974e-01
2.913977059792777524e+01 -1.465447520412108906e+00 1.134826411206769827e-03
2.366546154690404791e+01 2.835130434388349219e+00 1.032294094311094618e-01
1.629673285771614744e+01 -1.154035282757947201e+00 4.692605135720993859e-02
2.283850068597014626e+01 1.312378970295352776e+00 2.727349838015448169e-01
1.563552311799901240e+01 1.142124996895974354e+00 -6.112251129623763601e-02
5.406214029591535564e+01 2.817583166673128803e-01 -1.142353334019547417e-01
3.589847287279071963e+01 -5.845822369683976172e-01 4.177166582864232092e-02
1.525494854364132458e+01 2.656453464163660350e+00 5.403689312163115210e-02
8.041049225478779761e+01 -3.122338042426975324e+00 -2.319619397270500372e-01
2.144827722989830576e+01 2.334150556516773056e-01 -3.542401629864747048e-02
4.562087962075331404e+01 -2.253037190157638203e-01 -1.273721643012673543e-01
2.303973082938246719e+01 2.219357335681567900e+00 1.219627678203289017e-01
2.445415309595529152e+01 1.370639292672398923e+00 -1.349450227006890324e-01
2.190124860105331095e+01 1.045872551128800954e+00 -1.726638714453245516e-01
4.355775561300513488e+01 -5.015512158699062528e-01 -1.090962437982078842e-01
3.059429252580672554e+01 -7.807111699865229015e-01 -1.588248363354912707e-01
3.348379322812275660e+01 -8.358976588724165158e-01 3.452968032830826539e-01
2.586436126633724797e+01 -6.713552574780095039e-01 1.558558722824752718e-01
3.320555460926145486e+01 -6.399732873788794851e-01 -1.182467152178195841e-01
2.814024482413640982e+01 1.427029639170902087e+00 -8.707682098706195917e-02
4.857487949217659917e+01 -5.729935618717780788e-01 5.752941620332332473e-01
1.679642027364933909e+01 4.311662003861503223e+00 -1.733947214969258077e-01
5.211705742561345289e+01 -1.962740919805701090e+00 1.468757453189110385e-01
1.700270854120890718e+01 -6.563277820687242192e-01 1.132445645226920483e-01
1.960874441691507997e+01 -1.359098737966513148e+00 -3.003572251721504938e-02
3.191774758261937350e+01 -1.260268835951959598e+00 1.053932832148767040e-03
2.772697029301685134e+01 -1.316302367744821122e+00 2.745297099323125156e-01
8.013812688905532866e+01 -1.501654058646692658e+00 1.005285362082513137e-03
3.456458811096569406e+01 -2.345074319153702125e-01 -1.310129890760961813e-01
2.295699373848950842e+01 1.149982263490584078e+00 1.166753970166580778e-01
2.001852983428978661e+01 1.242391516290303644e+00 5.216865494493073685e-01
1.083134037974949315e+01 -4.662039521747820991e+00 1.029823679118309354e-01
4.775950158305683146e+01 -2.062390271673155695e+00 1.002331081809386404e-01
2.498285214491489725e+01 1.454841023264346944e+00 6.243086930315961541e-04
4.754785374155706990e+01 -1.725467025822186251e+00 1.320979144011777962e-01
4.437877661282059449e+01 -1.220401371215600606e-01 5.095244391110569093e-02
2.249618749405021134e+01 1.155891636366897623e+00 -1.021432316040861432e-01
8.185426469536625405e+01 -1.542672791797382370e+00 -3.850279903146728855e-01
4.668365595204539176e+01 2.090050517952571241e+00 -1.458564602258179133e-01
2.274350954782755352e+01 -2.687223749201939960e+00 6.808856438231017383e-02
2.732487232082580775e+01 2.946654228453176039e-01 -2.723828111079510395e-01
5.135576704865702169e+01 2.889299308475153705e+00 1.787273877498501140e-01
1.935000011458775404e+01 5.359683070250509385e-01 -4.570992135611395835e-02
9.458470497572778868e+01 -3.286036394486049339e+00 2.860206755045116012e-01
4.170283231942805457e+01 1.049703780160381461e+00 9.352389136148683488e-04
5.557495430643898260e+01 -1.762875742924737033e+00 1.382507750443246197e-01
1.714010210111318244e+01 -6.383234640640411683e-02 -1.437812222005552948e-02
3.602371377332788427e+01 2.240778661207341926e+00 -6.846395523581337572e-02
3.254044528749722076e+01 1.844948104082693385e+00 -1.474835770727573880e-01
2.298806264326683646e+01 1.323924111025774009e+00 2.945947573079466669e-02
3.015553465254913235e+01 1.077129797632453645e+00 -7.315139180865451451e-02
1.763649520866594855e+01 6.449050649530729817e-01 -2.763338261919545680e-03
2.712935131168837088e+01 -2.925093752753797016e+00 -6.266152379841122277e-02
2.768393184642008009e+01 -8.313684392482274810e-02 -6.492230240041770017e-02
2.609665818825029859e+01 1.529556480355710901e+00 -5.899283822779952113e-02
3.897294545793042175e+01 2.158915098764713214e+00 -1.064421751714200032e-01
7.459779960406520161e+01 -5.100001877035656328e+00 1.049241057582767350e-03
1.300002843683876463e+01 3.361258585589376402e+00 -1.808593393403333249e-01
3.119976513731456080e+01 -6.581280506906375116e-01 -7.831881640482984963e-02
6.194653358450849368e+01 -2.614458913370581450e-01 -1.869326326742861699e-01
3.078399728784910394e+01 9.462881309617182657e-01 9.548097428396551400e-02
4.709736764938068632e+01 -1.541814162102177921e+00 2.920140347512114598e-01
3.057876662144057178e+01 9.713875464689423200e-01 -9.772760275690627052e-02
1.651064678646784856e+01 1.253344388272580767e+00 -3.592316051454089165e-02
2.084747671684827353e+01 -7.367633635750098220e-01 2.626158238908982145e-01
3.303387229322958518e+01 -5.092572202770412337e-01 -1.667558461770365930e-01
3.198141821617336689e+01 2.047210943037284236e-01 1.595873126994861498e-03
2.828072598194226828e+01 6.424170344522173171e-01 8.932552849915662008e-02
1.694751626296426394e+01 2.365529264452704838e-01 -1.112169394774794040e-01
1.695517738637451188e+01 -8.785232536558532646e-01 6.420300411977632182e-02
3.569140255318036026e+01 1.393903295771044881e+00 6.809610272163191518e-04
7.687566218736110102e+01 -2.814907423183425905e+00 3.883455231203363778e-01
4.649275445717491806e+01 1.863606564549000755e+00 8.750869118918751244e-04
9.870038801888206592e+00 3.395112848549050710e+00 9.964098004844242074e-02
1.288277206517779234e+02 -2.377365802023665875e+00 1.031967856557181257e-03
5.429393764448931847e+01 1.295435479115889521e+00 2.243540224180416154e-01
2.811523740988017295e+01 -2.020954817878165777e+00 1.113502280605631334e-03
7.508887646745705524e+01 -1.266172350749666276e+00 -3.090403091700176796e-01
2.733619553514825284e+01 2.657284626498600755e+00 9.642819885549424328e-04
2.927827001661241368e+01 -1.978593904119205327e+00 1.089819670701406857e-03
1.576699490122700098e+01 -6.581786878389979112e-01 9.972606880049014744e-02
3.958116444545958501e+01 -6.066309885276772729e-01 3.135655771584539009e-01
1.938138429773036364e+01 2.452622597042990460e+00 9.168280703144331611e-04
2.608397718246071761e+01 -1.539467720594569045e+00 -1.776182729387160153e-01
3.760109335249208584e+01 1.559468665433252355e+00 8.485621044174327873e-04
1.053431203661252340e+02 -8.192095378552940454e-01 -1.185387314009229837e-01
2.857629018096060847e+01 -3.973016244351526893e+00 6.885186007773876765e-03
4.470440403203776469e+01 1.072876574089277391e+00 1.596303354019053267e-01
1.878596342468139468e+01 1.807371181395198700e+00 -7.450535377499087342e-02
1.865073747640024493e+01 2.097459412418931635e+00 -1.102984054601037767e-01
1.593979349793668376e+01 3.969997994768808436e+00 -2.152163841059898941e-01
2.803436348659590038e+01 1.559991325945244034e+00 7.143605259340633784e-02
2.590835443295013363e+01 2.612255314648750826e+00 -1.547282730914620041e-01
7.416544522257163408e+01 -4.888941134261324262e-01 -1.683453700243384699e-01
4.517303136058725954e+01 -6.335941792759283153e+00 3.342955727769088975e-02
3.076327440484416798e+01 -1.926232062113749643e-01 1.309237478018787648e-01
2.982854450255599588e+01 3.833313895211915678e+00 -3.811636474161818333e-02
2.098900327271480393e+01 2.969545897140968727e+00 -1.753870865893629172e-01
1.581376467050135304e+01 -7.038314214369053579e-01 3.735578771700782674e-01
7.168527854567773261e+01 -2.185474747497069714e+00 1.066209974943522001e-03
2.727263257145080289e+01 2.442083007645744486e-01 2.872590569154093165e-01
4.346845822798881898e+01 -1.329311984639311994e+00 1.507926401839798647e-01
3.905275567820498139e+01 -6.526820914338122837e-01 6.235974954863416908e-01
8.537258977117632242e+01 -3.166600449932043482e+00 -6.022991972281315221e-01
5.983360595470452381e+01 -1.964005571367808622e+00 -1.111920352409917351e-01
1.151991589361436930e+01 3.177837646810540484e+00 4.066510481620300155e-02
2.763889409992102841e+01 -1.413711115052849188e-01 1.169032200053879561e-01
5.106834757166132022e+01 -2.396688340107470117e-01 1.218548994147465592e-03
3.276313098651569788e+01 -1.175954213719403008e+00 1.106889045483833069e-03
5.194855632377767307e+01 1.045529171107617561e+00 7.405980400916853390e-02
